D =  [-0.07001180841933609, 0.019524454083738714, 0.004978113066539092, -0.0007434059322131945]
K =  [3260.3065303150856, 0.0, 1151.4164295143908, 0.0, 3275.0310086625736, 1073.6064179345651, 0.0, 0.0, 1.0]
R =  [1.0, 0.0, 0.0, 0.0, 1.0, 0.0, 0.0, 0.0, 1.0]
P =  [3260.3065303150856, 0.0, 1151.4164295143908, 0.0, 0.0, 3275.0310086625736, 1073.6064179345651, 0.0, 0.0, 0.0, 1.0, 0.0]
# oST version 5.0 parameters


[image]

width
2448

height
2048

[narrow_stereo/left]

camera matrix
3260.306530 0.000000 1151.416430
0.000000 3275.031009 1073.606418
0.000000 0.000000 1.000000

distortion
-0.070012 0.019524 0.004978 -0.000743 0.0000

rectification
1.000000 0.000000 0.000000
0.000000 1.000000 0.000000
0.000000 0.000000 1.000000

projection
3260.306530 0.000000 1151.416430 0.000000
0.000000 3275.031009 1073.606418 0.000000
0.000000 0.000000 1.000000 0.000000
s
